26 3 88 10000 10000 243 95 248 42
40 21 80 10000 10000 214 46 169 92
88 74 61 10000 10000 342 193 82 152
63 44 86 10000 10000 273 175 42 211
49 26 86 10000 10000 68 182 59 116
33 4 74 10000 10000 261 180 79 14
12 1 19 10000 10000 316 197 244 86
28 28 24 10000 10000 323 233 236 90
53 23 39 10000 10000 103 24 89 56
60 41 57 10000 10000 223 208 45 9
78 76 29 10000 10000 324 193 245 249
84 73 48 10000 10000 149 190 56 216
20 1 52 10000 10000 268 167 217 188
30 24 40 10000 10000 77 216 222 247
21 3 79 10000 10000 347 106 33 206
38 32 18 10000 10000 30 192 67 196
46 1 67 10000 10000 312 72 21 178
99 39 51 10000 10000 227 184 252 142
16 14 38 10000 10000 151 7 29 26
