71 14 40 10000 10000 190 219 151 191
89 39 78 10000 10000 42 186 67 101
73 44 76 10000 10000 9 122 63 113
40 32 57 10000 10000 200 189 95 207
21 20 53 10000 10000 118 43 120 244
44 21 61 10000 10000 266 171 242 246
79 73 51 10000 10000 42 198 163 64
88 37 92 10000 10000 304 42 110 5
51 42 57 10000 10000 321 28 227 73
49 34 7 10000 10000 280 60 220 77
96 79 60 10000 10000 124 49 42 163
29 11 43 10000 10000 142 104 94 101
96 94 75 10000 10000 255 181 52 102
25 17 21 10000 10000 103 229 189 8
54 18 10 10000 10000 21 254 55 3
17 12 26 10000 10000 115 46 120 241
87 43 24 10000 10000 94 251 115 80
